0 1
0 10
1 2
1 11
2 3
2 12
3 4
3 13
4 5
4 14
5 6
5 15
6 7
7 17
8 9
8 83
9 18
10 11
10 19
11 12
11 20
12 13
12 21
13 14
13 22
14 15
14 23
15 16
15 24
16 17
16 25
17 26
17 83
18 28
19 20
19 29
20 21
20 30
21 22
21 31
22 23
23 24
24 25
25 26
26 27
26 32
27 28
27 33
28 34
29 30
29 35
30 31
30 36
31 37
32 33
32 38
33 34
33 82
34 39
35 40
35 36
36 37
36 78
37 41
38 42
38 82
39 44
40 45
40 78
41 47
42 43
42 48
43 44
43 49
44 50
45 46
45 51
46 47
46 52
47 53
48 49
48 58
49 50
49 59
50 60
51 52
51 61
52 53
52 79
53 62
53 54
54 55
54 63
55 64
55 56
56 57
56 80
57 65
57 58
58 59
58 66
59 60
59 81
60 67
61 68
61 79
62 63
62 70
63 64
63 71
64 72
64 80
65 66
65 74
66 75
66 81
67 77
68 69
69 70
70 71
71 72
72 73
73 74
74 75
75 76
76 77
78 46
78 41
79 62
79 69
80 73
80 65
81 67
81 76
82 39
82 43
83 18
83 27